64

1
100 100 100
255 255 255
230,369 70,0 0,20 -70,0 0,-20

1
100 100 100
255 255 255
230,341 70,0 0,20 -70,0 0,-20

1
100 100 100
255 255 255
316,341 70,0 0,20 -70,0 0,-20

1
100 100 100
255 255 255
316,369 70,0 0,20 -70,0 0,-20

1
100 100 100
255 255 255
207.929,364.673 -4.214,4.164 -4.213,4.163 -5.924,-0.036 -5.923,-0.035 -4.164,-4.214 -4.163,-4.213 0.035,-5.924 0.036,-5.923 4.213,-4.164 4.214,-4.163 5.924,0.035 5.923,0.036 4.164,4.213 4.163,4.214 -0.036,5.924 -0.035,5.923

1
100 100 100
255 255 255
296.938,307.771 -3.658,3.615 -3.658,3.614 -5.142,-0.031 -5.143,-0.031 -3.614,-3.658 -3.614,-3.658 0.031,-5.142 0.03,-5.143 3.658,-3.614 3.658,-3.614 5.143,0.031 5.142,0.03 3.615,3.658 3.614,3.658 -0.031,5.143 -0.031,5.142

1
100 100 100
255 255 255
296.938,273.663 -3.658,3.614 -3.658,3.614 -5.142,-0.031 -5.143,-0.03 -3.614,-3.658 -3.614,-3.658 0.031,-5.143 0.03,-5.142 3.658,-3.615 3.658,-3.614 5.143,0.031 5.142,0.031 3.615,3.658 3.614,3.658 -0.031,5.142 -0.031,5.143

1
100 100 100
255 255 255
316,263.378 0,10.136 7,7.316 25,0.03 4,-3.583 0,-8.757 -4,-5.142 -32,0

1
100 100 100
255 255 255
320,307.591 -4,-10.135 7,-7.316 25,-0.031 4,3.583 0,8.757 -4,5.142 -28,0

1
100 100 100
255 255 255
355,263.229 0,44.362 23,0 0,-44.213 -23,-0.149

1
100 100 100
255 255 255
355,310 0,16 23,0 0,-16 -23,0

1
100 100 100
255 255 255
213,259.72 0,23.28 38,0 0,-23.28 -38,0

1
100 100 100
255 255 255
213,288 0,29 7,0 0,-7 10,0 0,7 8,0 0,-7 13,0 0,-22 -38,0

1
100 100 100
255 255 255
238,212 0,29 30,0 0,-29 -30,0

1
100 100 100
255 255 255
272.109,241 24.829,0 0,-38 -3.552,0 0,-4 -3.615,0 0,-3 -21.771,0 -2,3 0,8 6.109,0 0,34

1
100 100 100
255 255 255
320,212 0,-7 8,-6 7,0 0,4 9,0 4,4 0,5 4,4 3,0 0,9 -3,0 0,9 -4,5 -8,0 0,-2 -9,0 -6,-5 0,-7 -5,0 0,-13

1
100 100 100
255 255 255
359,199 0,43 30,0 0,-43 -30,0

1
100 100 100
255 255 255
401,221 -2,13 20,2 1,-5 53,6 0,-9 -72,-7

1
100 100 100
255 255 255
424,237 -3,27 12,1 3,-27 -12,-1

1
100 100 100
255 255 255
440,239 -3,27 28,2.52 3,-26.52 -28,-3

1
100 100 100
255 255 255
405,268.371 -1,7.629 61,6 1,-8 -61,-5.629

1
100 100 100
255 255 255
404,304 -2,13 55,5 1,-13 -54,-5

1
100 100 100
255 255 255
405,282 -1,15.337 48,3.663 1,-15 -48,-4

1
100 100 100
255 255 255
404,322 0,6 22,2 28,0 0,-5 -28,0 -22,-3

1
100 100 100
255 255 255
473,250 -1,9.72 7,1.28 1,-11 -7,0

1
100 100 100
255 255 255
402,333 0,13 47,0 0,-13 -47,0

1
100 100 100
255 255 255
415,350 0,14.673 14,0 0,-3.673 14,0 0,3.673 6,-0.171 0,-14.502 -34,0

1
100 100 100
255 255 255
402,370 0,24 27,0 0,-24 -27,0

1
100 100 100
255 255 255
440,368.715 0,26.285 9,0 0,-13 3,0 0,-13.285 -12,0

1
100 100 100
255 255 255
441,398 0,6 5,0 0,2 7,0 0,-8 -12,0

1
100 100 100
255 255 255
364,406 0,17 10,0 0,-3 37,0 0,3 4,0 0,-3 18,0 0,-11 -59,0 0,-3 -10,0

1
100 100 100
255 255 255
364,430 0,24 15,0 0,-8 19,0 0,-16 -34,0

1
100 100 100
255 255 255
402,430 0,16 34,0 0,-16 -34,0

1
100 100 100
255 255 255
402,452 0,15 32,0 0,-15 -32,0

1
100 100 100
255 255 255
372,467 27,0 0,-13 -27,0 0,13

1
100 100 100
255 255 255
401,472 8,0 0,8 2,0 0,8 3,0 0,5 -5,4 -8,0 0,-25

1
100 100 100
255 255 255
377,471 0,11 10,0 0,10 10,0 0,-21 -20,0

1
100 100 100
255 255 255
341,463 0,11 15,0 0,-11 -15,0

1
100 100 100
255 255 255
340,482 24,0 0,3 6,0 0,3 4,0 0,11 -7,0 0,8 -30,0 0,-8 -7,0 0,-11 4,0 0,-3 6,0 0,-3

1
100 100 100
255 255 255
250.554,481.5 24,0 0,3 6,0 0,3 4,0 0,11 -7,0 0,8 -30,0 0,-8 -7,0 0,-11 4,0 0,-3 6,0 0,-3

1
100 100 100
255 255 255
316,514 0,8 4,0 2,2 2,-2 13,0 0,-8 -21,0

1
100 100 100
255 255 255
299,514 0,8 -4,0 -2,2 -2,-2 -13,0 0,-8 21,0

1
100 100 100
255 255 255
270,411 0,12 33,0 0,-12 -33,0

1
100 100 100
255 255 255
323,411 0,12 33,0 0,-12 -33,0

1
100 100 100
255 255 255
187.826,380 0,13.858 36.674,0 0,-13.858 -36.674,0

1
100 100 100
255 255 255
151,364.673 0,9.327 24,0 0,-9.327 -24,0

1
100 100 100
255 255 255
211,445 0,8 -13,0 0,4 39,0 0,-4 10.554,0 0,-4 4.446,0 0,19 -25,0 0,4 24,0 0,9 -56,0 0,-9 29.5,0 0,-4 -36.845,0 0,-23 23.345,0

1
100 100 100
255 255 255
214,441 0,8 38,0 0,-41 -34,0 -3,-4 -11.285,0 0,30 9.285,0 1,3 30.554,0 0,4 -30.554,0

1
100 100 100
255 255 255
201,404 -9,0 0,4 -7,0 0,10 4,0 0,16 12,0 0,-30

1
100 100 100
255 255 255
165,454 0,25 12,0 0,-25 -12,0

1
100 100 100
255 255 255
151,441 0,8 28.399,0 0,-8 -28.399,0

1
100 100 100
255 255 255
160,431 -6,5 6,4 5,-2 4,0 0,-4 -4,0 -5,-3

1
100 100 100
255 255 255
149,420 0,10 31,0 0,-10 -31,0

1
100 100 100
255 255 255
156,406 0,12 23.399,0 -0.071,-12 -23.328,0

1
100 100 100
255 255 255
154,309 0,30 25.328,0 0,-4 10.672,0 0,4 11,0 0,-17 -11,0 0,6 -10,0 0,-19 -26,0

1
100 100 100
255 255 255
154,279 0,28 49.715,0 0,-28 -49.715,0

1
100 100 100
255 255 255
170,261 0,3 -13,0 0,4.371 15,0 0,7.629 24,0 0,-5 3.502,0 0,-5 -3.502,0 0,-5 -26,0

1
100 100 100
255 255 255
157,242 0,10 15,0 0,5 31,0 0,-9 -7,0 0,-10 -4,0 0,10 -14,0 0,-10 -5,0 0,4 -16,0

1
100 100 100
255 255 255
163,228 0,10 48,0 0,-10 -48,0

1
100 100 100
255 255 255
173,217 0,8 50,0 0,-8 -50,0

1
100 100 100
255 255 255
173,203 0,9 50,0 0,-9 -6,0 4,-13 -15,0 4,13 -37,0

1
100 100 100
255 255 255
401,184 0,26 10,0 0,-25 -10,-1

1
100 100 100
255 255 255
414,177 1,34 14,1 0,-20 4,0 0,-14 -19,-1

1
100 100 100
255 255 255
409,172 24,0 0,-26 -24,0 0,26
