16

1
0 100 0
255 255 255
272,458 26,0 0,-29 -26,0 0,29

1
0 100 0
255 255 255
316,429 0,27 33,0 0,-27 -33,0

1
0 100 0
255 255 255
298,319 4,-4 12,0 4,4 -4,4 -12,0 -4,-4

1
0 100 0
255 255 255
311.873,287.708 -1.937,1.118 -1.936,1.118 -1.936,-1.118 -1.937,-1.118 0,-2.236 0,-2.236 1.937,-1.118 1.936,-1.118 1.936,1.118 1.937,1.118 0,2.236 0,2.236

1
0 100 0
255 255 255
299,496 0,26 17,0 0,-26 -17,0

1
0 100 0
255 255 255
333,310 0,16 20,0 0,-16 -20,0

1
0 100 0
255 255 255
275,319 0,6 17,0 0,-6 -17,0

1
0 100 0
255 255 255
398,351 0,15 14,0 0,-15 -14,0

1
0 100 0
255 255 255
164,351 0,9 10,0 0,-9 -10,0

1
0 100 0
255 255 255
231,390 0,8 55,0 0,-8 -55,0

1
0 100 0
255 255 255
328,390 0,8 60,0 0,-8 -60,0

1
0 100 0
255 255 255
347,513 0,23 23,4 20,5 8,3 0,-35 -51,0

1
0 100 0
255 255 255
262,513 0,20 -31,7 -21,8 -27,11 0,-46 79,0

1
0 100 0
255 255 255
402,520 0,28 13,6 0,-32 -13,-2

1
0 100 0
255 255 255
299,204 0,38 6,5 6.873,0 6.127,-5 0,-38 -19,0

1
0 100 0
255 255 255
304.127,195 -5.127,5 19,0 -4,-5 0,-14 -9.873,0 0,14
