0000000000000000001111000000000000000000
0000000000000000001111000000000000000000
0000000000000000011111100000000000000000
0000000000000000011111100000000000000000
0000000000000000011111100000000000000000
0000000000000000111111110000000000000000
0000000000000000111111110000000000000000
0000000000000000111111110000000000000000
0000000000000001111111111000000000000000
0000000000000001111111111000000000000000
0000000000000001111111111000000000000000
0000000000000011110000111100000000000000
0000000000000011110000111100000000000000
0000000000000011110000111100000000000000
0000000000000111100000011110000000000000
0000000000000111100000011110000000000000
0000000000000111100000011110000000000000
0000000000001111000000001111000000000000
0000000000001111000000001111000000000000
0000000000001111000000001111000000000000
0000000000011110000000000111100000000000
0000000000011110000000000111100000000000
0000000000011110000000000111100000000000
0000000000111100000000000011110000000000
0000000000111100000000000011110000000000
0000000000111100000000000011110000000000
0000000001111000000000000001111000000000
0000000001111000000000000001111000000000
0000000001111000000000000001111000000000
0000000011110000000000000000111100000000
0000000011110000000000000000111100000000
0000000011110000000000000000111100000000
0000000111100000000000000000011110000000
0000000111100000000000000000011110000000
0000000111111111111111111111111110000000
0000001111111111111111111111111111000000
0000001111111111111111111111111111000000
0000001111111111111111111111111111000000
0000011110000000000000000000000111100000
0000011110000000000000000000000111100000
0000011110000000000000000000000111100000
0000111100000000000000000000000011110000
0000111100000000000000000000000011110000
0000111100000000000000000000000011110000
0001111000000000000000000000000001111000
0001111000000000000000000000000001111000
0001111000000000000000000000000001111000
0011110000000000000000000000000000111100
0011110000000000000000000000000000111100
0011110000000000000000000000000000111100
0111100000000000000000000000000000011110
0111100000000000000000000000000000011110
0111100000000000000000000000000000011110
1111000000000000000000000000000000001111
1111000000000000000000000000000000001111
1111000000000000000000000000000000001111

1111111111111111111111111111111100000000
1111111111111111111111111111111110000000
1111111111111111111111111111111111000000
1111111111111111111111111111111111100000
1111000000000000000000000000000011110000
1111000000000000000000000000000001111000
1111000000000000000000000000000000111100
1111000000000000000000000000000000011110
1111000000000000000000000000000000001111
1111000000000000000000000000000000001111
1111000000000000000000000000000000001111
1111000000000000000000000000000000001111
1111000000000000000000000000000000001111
1111000000000000000000000000000000001111
1111000000000000000000000000000000001111
1111000000000000000000000000000000001111
1111000000000000000000000000000000001111
1111000000000000000000000000000000001111
1111000000000000000000000000000000001111
1111000000000000000000000000000000001111
1111000000000000000000000000000000011110
1111000000000000000000000000000000111100
1111000000000000000000000000000001111000
1111000000000000000000000000000011110000
1111111111111111111111111111111111100000
1111111111111111111111111111111110000000
1111111111111111111111111111111110000000
1111111111111111111111111111111111100000
1111000000000000000000000000000011110000
1111000000000000000000000000000001111000
1111000000000000000000000000000000111100
1111000000000000000000000000000000011110
1111000000000000000000000000000000001111
1111000000000000000000000000000000001111
1111000000000000000000000000000000001111
1111000000000000000000000000000000001111
1111000000000000000000000000000000001111
1111000000000000000000000000000000001111
1111000000000000000000000000000000001111
1111000000000000000000000000000000001111
1111000000000000000000000000000000001111
1111000000000000000000000000000000001111
1111000000000000000000000000000000001111
1111000000000000000000000000000000001111
1111000000000000000000000000000000001111
1111000000000000000000000000000000001111
1111000000000000000000000000000000001111
1111000000000000000000000000000000001111
1111000000000000000000000000000000011110
1111000000000000000000000000000000111100
1111000000000000000000000000000001111000
1111000000000000000000000000000011110000
1111111111111111111111111111111111100000
1111111111111111111111111111111111000000
1111111111111111111111111111111110000000
1111111111111111111111111111111100000000

0000000011111111111111111111111100000000
0000000111111111111111111111111110000000
0000001111111111111111111111111111000000
0000011111111111111111111111111111100000
0000111100000000000000000000000011110000
0001111000000000000000000000000001111000
0011110000000000000000000000000000111100
0111100000000000000000000000000000011110
1111000000000000000000000000000000001111
1111000000000000000000000000000000001111
1111000000000000000000000000000000001111
1111000000000000000000000000000000001111
1111000000000000000000000000000000000000
1111000000000000000000000000000000000000
1111000000000000000000000000000000000000
1111000000000000000000000000000000000000
1111000000000000000000000000000000000000
1111000000000000000000000000000000000000
1111000000000000000000000000000000000000
1111000000000000000000000000000000000000
1111000000000000000000000000000000000000
1111000000000000000000000000000000000000
1111000000000000000000000000000000000000
1111000000000000000000000000000000000000
1111000000000000000000000000000000000000
1111000000000000000000000000000000000000
1111000000000000000000000000000000000000
1111000000000000000000000000000000000000
1111000000000000000000000000000000000000
1111000000000000000000000000000000000000
1111000000000000000000000000000000000000
1111000000000000000000000000000000000000
1111000000000000000000000000000000000000
1111000000000000000000000000000000000000
1111000000000000000000000000000000000000
1111000000000000000000000000000000000000
1111000000000000000000000000000000000000
1111000000000000000000000000000000000000
1111000000000000000000000000000000000000
1111000000000000000000000000000000000000
1111000000000000000000000000000000000000
1111000000000000000000000000000000000000
1111000000000000000000000000000000000000
1111000000000000000000000000000000000000
1111000000000000000000000000000000001111
1111000000000000000000000000000000001111
1111000000000000000000000000000000001111
1111000000000000000000000000000000001111
0111100000000000000000000000000000011110
0011110000000000000000000000000000111100
0001111000000000000000000000000001111000
0000111100000000000000000000000011110000
0000011111111111111111111111111111100000
0000001111111111111111111111111111000000
0000000111111111111111111111111110000000
0000000011111111111111111111111100000000

1111111111111111111111111111000000000000
1111111111111111111111111111100000000000
1111111111111111111111111111110000000000
1111111111111111111111111111111000000000
1111000000000000000000000000111100000000
1111000000000000000000000000011110000000
1111000000000000000000000000001111000000
1111000000000000000000000000000111100000
1111000000000000000000000000000011110000
1111000000000000000000000000000001111000
1111000000000000000000000000000000111100
1111000000000000000000000000000000011110
1111000000000000000000000000000000001111
1111000000000000000000000000000000001111
1111000000000000000000000000000000001111
1111000000000000000000000000000000001111
1111000000000000000000000000000000001111
1111000000000000000000000000000000001111
1111000000000000000000000000000000001111
1111000000000000000000000000000000001111
1111000000000000000000000000000000001111
1111000000000000000000000000000000001111
1111000000000000000000000000000000001111
1111000000000000000000000000000000001111
1111000000000000000000000000000000001111
1111000000000000000000000000000000001111
1111000000000000000000000000000000001111
1111000000000000000000000000000000001111
1111000000000000000000000000000000001111
1111000000000000000000000000000000001111
1111000000000000000000000000000000001111
1111000000000000000000000000000000001111
1111000000000000000000000000000000001111
1111000000000000000000000000000000001111
1111000000000000000000000000000000001111
1111000000000000000000000000000000001111
1111000000000000000000000000000000001111
1111000000000000000000000000000000001111
1111000000000000000000000000000000001111
1111000000000000000000000000000000001111
1111000000000000000000000000000000001111
1111000000000000000000000000000000001111
1111000000000000000000000000000000001111
1111000000000000000000000000000000001111
1111000000000000000000000000000000011110
1111000000000000000000000000000000111100
1111000000000000000000000000000001111000
1111000000000000000000000000000011110000
1111000000000000000000000000000111100000
1111000000000000000000000000001111000000
1111000000000000000000000000011110000000
1111000000000000000000000000111100000000
1111111111111111111111111111111000000000
1111111111111111111111111111110000000000
1111111111111111111111111111100000000000
1111111111111111111111111111000000000000

1111111111111111111111111111111111111111
1111111111111111111111111111111111111111
1111111111111111111111111111111111111111
1111111111111111111111111111111111111111
1111000000000000000000000000000000000000
1111000000000000000000000000000000000000
1111000000000000000000000000000000000000
1111000000000000000000000000000000000000
1111000000000000000000000000000000000000
1111000000000000000000000000000000000000
1111000000000000000000000000000000000000
1111000000000000000000000000000000000000
1111000000000000000000000000000000000000
1111000000000000000000000000000000000000
1111000000000000000000000000000000000000
1111000000000000000000000000000000000000
1111000000000000000000000000000000000000
1111000000000000000000000000000000000000
1111000000000000000000000000000000000000
1111000000000000000000000000000000000000
1111000000000000000000000000000000000000
1111000000000000000000000000000000000000
1111000000000000000000000000000000000000
1111111111111111111111111111111111111111
1111111111111111111111111111111111111111
1111111111111111111111111111111111111111
1111111111111111111111111111111111111111
1111000000000000000000000000000000000000
1111000000000000000000000000000000000000
1111000000000000000000000000000000000000
1111000000000000000000000000000000000000
1111000000000000000000000000000000000000
1111000000000000000000000000000000000000
1111000000000000000000000000000000000000
1111000000000000000000000000000000000000
1111000000000000000000000000000000000000
1111000000000000000000000000000000000000
1111000000000000000000000000000000000000
1111000000000000000000000000000000000000
1111000000000000000000000000000000000000
1111000000000000000000000000000000000000
1111000000000000000000000000000000000000
1111000000000000000000000000000000000000
1111000000000000000000000000000000000000
1111000000000000000000000000000000000000
1111000000000000000000000000000000000000
1111000000000000000000000000000000000000
1111000000000000000000000000000000000000
1111000000000000000000000000000000000000
1111000000000000000000000000000000000000
1111000000000000000000000000000000000000
1111000000000000000000000000000000000000
1111111111111111111111111111111111111111
1111111111111111111111111111111111111111
1111111111111111111111111111111111111111
1111111111111111111111111111111111111111

1111111111111111111111111111111111111111
1111111111111111111111111111111111111111
1111111111111111111111111111111111111111
1111111111111111111111111111111111111111
1111000000000000000000000000000000000000
1111000000000000000000000000000000000000
1111000000000000000000000000000000000000
1111000000000000000000000000000000000000
1111000000000000000000000000000000000000
1111000000000000000000000000000000000000
1111000000000000000000000000000000000000
1111000000000000000000000000000000000000
1111000000000000000000000000000000000000
1111000000000000000000000000000000000000
1111000000000000000000000000000000000000
1111000000000000000000000000000000000000
1111000000000000000000000000000000000000
1111000000000000000000000000000000000000
1111000000000000000000000000000000000000
1111000000000000000000000000000000000000
1111000000000000000000000000000000000000
1111000000000000000000000000000000000000
1111000000000000000000000000000000000000
1111111111111111111111111111111111111111
1111111111111111111111111111111111111111
1111111111111111111111111111111111111111
1111111111111111111111111111111111111111
1111000000000000000000000000000000000000
1111000000000000000000000000000000000000
1111000000000000000000000000000000000000
1111000000000000000000000000000000000000
1111000000000000000000000000000000000000
1111000000000000000000000000000000000000
1111000000000000000000000000000000000000
1111000000000000000000000000000000000000
1111000000000000000000000000000000000000
1111000000000000000000000000000000000000
1111000000000000000000000000000000000000
1111000000000000000000000000000000000000
1111000000000000000000000000000000000000
1111000000000000000000000000000000000000
1111000000000000000000000000000000000000
1111000000000000000000000000000000000000
1111000000000000000000000000000000000000
1111000000000000000000000000000000000000
1111000000000000000000000000000000000000
1111000000000000000000000000000000000000
1111000000000000000000000000000000000000
1111000000000000000000000000000000000000
1111000000000000000000000000000000000000
1111000000000000000000000000000000000000
1111000000000000000000000000000000000000
1111000000000000000000000000000000000000
1111000000000000000000000000000000000000
1111000000000000000000000000000000000000
1111000000000000000000000000000000000000

0000000011111111111111111111111100000000
0000000111111111111111111111111110000000
0000001111111111111111111111111111000000
0000011111111111111111111111111111100000
0000111100000000000000000000000011110000
0001111000000000000000000000000001111000
0011110000000000000000000000000000111100
0111100000000000000000000000000000011110
1111000000000000000000000000000000001111
1111000000000000000000000000000000001111
1111000000000000000000000000000000001111
1111000000000000000000000000000000001111
1111000000000000000000000000000000000000
1111000000000000000000000000000000000000
1111000000000000000000000000000000000000
1111000000000000000000000000000000000000
1111000000000000000000000000000000000000
1111000000000000000000000000000000000000
1111000000000000000000000000000000000000
1111000000000000000000000000000000000000
1111000000000000000000000000000000000000
1111000000000000000000000000000000000000
1111000000000000000000000000000000000000
1111000000000000000000000000000000000000
1111000000000000000000000000000000000000
1111000000000000000000000000000000000000
1111000000000000000000000000000000000000
1111000000000000000000011111111111110000
1111000000000000000000011111111111111000
1111000000000000000000011111111111111100
1111000000000000000000011111111111111110
1111000000000000000000000000000000011111
1111000000000000000000000000000000001111
1111000000000000000000000000000000001111
1111000000000000000000000000000000001111
1111000000000000000000000000000000001111
1111000000000000000000000000000000001111
1111000000000000000000000000000000001111
1111000000000000000000000000000000001111
1111000000000000000000000000000000001111
1111000000000000000000000000000000001111
1111000000000000000000000000000000001111
1111000000000000000000000000000000001111
1111000000000000000000000000000000001111
1111000000000000000000000000000000001111
1111000000000000000000000000000000001111
1111000000000000000000000000000000001111
1111000000000000000000000000000000001111
0111100000000000000000000000000000011110
0011110000000000000000000000000000111100
0001111000000000000000000000000001111000
0000111100000000000000000000000011110000
0000011111111111111111111111111111100000
0000001111111111111111111111111111000000
0000000111111111111111111111111110000000
0000000011111111111111111111111100000000

1111000000000000000000000000000000001111
1111000000000000000000000000000000001111
1111000000000000000000000000000000001111
1111000000000000000000000000000000001111
1111000000000000000000000000000000001111
1111000000000000000000000000000000001111
1111000000000000000000000000000000001111
1111000000000000000000000000000000001111
1111000000000000000000000000000000001111
1111000000000000000000000000000000001111
1111000000000000000000000000000000001111
1111000000000000000000000000000000001111
1111000000000000000000000000000000001111
1111000000000000000000000000000000001111
1111000000000000000000000000000000001111
1111000000000000000000000000000000001111
1111000000000000000000000000000000001111
1111000000000000000000000000000000001111
1111000000000000000000000000000000001111
1111000000000000000000000000000000001111
1111000000000000000000000000000000001111
1111000000000000000000000000000000001111
1111111111111111111111111111111111111111
1111111111111111111111111111111111111111
1111111111111111111111111111111111111111
1111111111111111111111111111111111111111
1111000000000000000000000000000000001111
1111000000000000000000000000000000001111
1111000000000000000000000000000000001111
1111000000000000000000000000000000001111
1111000000000000000000000000000000001111
1111000000000000000000000000000000001111
1111000000000000000000000000000000001111
1111000000000000000000000000000000001111
1111000000000000000000000000000000001111
1111000000000000000000000000000000001111
1111000000000000000000000000000000001111
1111000000000000000000000000000000001111
1111000000000000000000000000000000001111
1111000000000000000000000000000000001111
1111000000000000000000000000000000001111
1111000000000000000000000000000000001111
1111000000000000000000000000000000001111
1111000000000000000000000000000000001111
1111000000000000000000000000000000001111
1111000000000000000000000000000000001111
1111000000000000000000000000000000001111
1111000000000000000000000000000000001111
1111000000000000000000000000000000001111
1111000000000000000000000000000000001111
1111000000000000000000000000000000001111
1111000000000000000000000000000000001111
1111000000000000000000000000000000001111
1111000000000000000000000000000000001111
1111000000000000000000000000000000001111
1111000000000000000000000000000000001111

1111111111111111111111111111111111111111
1111111111111111111111111111111111111111
1111111111111111111111111111111111111111
1111111111111111111111111111111111111111
0000000000000000001111000000000000000000
0000000000000000001111000000000000000000
0000000000000000001111000000000000000000
0000000000000000001111000000000000000000
0000000000000000001111000000000000000000
0000000000000000001111000000000000000000
0000000000000000001111000000000000000000
0000000000000000001111000000000000000000
0000000000000000001111000000000000000000
0000000000000000001111000000000000000000
0000000000000000001111000000000000000000
0000000000000000001111000000000000000000
0000000000000000001111000000000000000000
0000000000000000001111000000000000000000
0000000000000000001111000000000000000000
0000000000000000001111000000000000000000
0000000000000000001111000000000000000000
0000000000000000001111000000000000000000
0000000000000000001111000000000000000000
0000000000000000001111000000000000000000
0000000000000000001111000000000000000000
0000000000000000001111000000000000000000
0000000000000000001111000000000000000000
0000000000000000001111000000000000000000
0000000000000000001111000000000000000000
0000000000000000001111000000000000000000
0000000000000000001111000000000000000000
0000000000000000001111000000000000000000
0000000000000000001111000000000000000000
0000000000000000001111000000000000000000
0000000000000000001111000000000000000000
0000000000000000001111000000000000000000
0000000000000000001111000000000000000000
0000000000000000001111000000000000000000
0000000000000000001111000000000000000000
0000000000000000001111000000000000000000
0000000000000000001111000000000000000000
0000000000000000001111000000000000000000
0000000000000000001111000000000000000000
0000000000000000001111000000000000000000
0000000000000000001111000000000000000000
0000000000000000001111000000000000000000
0000000000000000001111000000000000000000
0000000000000000001111000000000000000000
0000000000000000001111000000000000000000
0000000000000000001111000000000000000000
0000000000000000001111000000000000000000
0000000000000000001111000000000000000000
1111111111111111111111111111111111111111
1111111111111111111111111111111111111111
1111111111111111111111111111111111111111
1111111111111111111111111111111111111111

1111111111111111111111111111111111111111
1111111111111111111111111111111111111111
1111111111111111111111111111111111111111
1111111111111111111111111111111111111111
0000000000000000000000000000000000011111
0000000000000000000000000000000000001111
0000000000000000000000000000000000001111
0000000000000000000000000000000000001111
0000000000000000000000000000000000001111
0000000000000000000000000000000000001111
0000000000000000000000000000000000001111
0000000000000000000000000000000000001111
0000000000000000000000000000000000001111
0000000000000000000000000000000000001111
0000000000000000000000000000000000001111
0000000000000000000000000000000000001111
0000000000000000000000000000000000001111
0000000000000000000000000000000000001111
0000000000000000000000000000000000001111
0000000000000000000000000000000000001111
0000000000000000000000000000000000001111
0000000000000000000000000000000000001111
0000000000000000000000000000000000001111
0000000000000000000000000000000000001111
0000000000000000000000000000000000001111
0000000000000000000000000000000000001111
0000000000000000000000000000000000001111
0000000000000000000000000000000000001111
0000000000000000000000000000000000001111
0000000000000000000000000000000000001111
0000000000000000000000000000000000001111
0000000000000000000000000000000000001111
0000000000000000000000000000000000001111
0000000000000000000000000000000000001111
0000000000000000000000000000000000001111
0000000000000000000000000000000000001111
0000000000000000000000000000000000001111
0000000000000000000000000000000000001111
0000000000000000000000000000000000001111
0000000000000000000000000000000000001111
0000000000000000000000000000000000001111
0000000000000000000000000000000000001111
0000000000000000000000000000000000001111
0000000000000000000000000000000000001111
0000000000000000000000000000000000001111
0000000000000000000000000000000000001111
0000000000000000000000000000000000001111
1111000000000000000000000000000000001111
0111100000000000000000000000000000011110
0011110000000000000000000000000000111100
0001111000000000000000000000000001111000
0000111100000000000000000000000011110000
0000011111111111111111111111111111100000
0000001111111111111111111111111111000000
0000000111111111111111111111111110000000
0000000011111111111111111111111100000000

1111000000000000000000000000000011111100
1111000000000000000000000000000111111000
1111000000000000000000000000001111110000
1111000000000000000000000000011111100000
1111000000000000000000000000111111000000
1111000000000000000000000001111110000000
1111000000000000000000000011111100000000
1111000000000000000000000111111000000000
1111000000000000000000001111110000000000
1111000000000000000000011111100000000000
1111000000000000000000111111000000000000
1111000000000000000001111110000000000000
1111000000000000000011111100000000000000
1111000000000000000111111000000000000000
1111000000000000001111110000000000000000
1111000000000000011111100000000000000000
1111000000000000111111000000000000000000
1111000000000001111110000000000000000000
1111000000000011111100000000000000000000
1111000000000111111000000000000000000000
1111000000001111110000000000000000000000
1111000000011111100000000000000000000000
1111000000111111000000000000000000000000
1111000001111110000000000000000000000000
1111000011111100000000000000000000000000
1111000111111000000000000000000000000000
1111001111110000000000000000000000000000
1111011111110000000000000000000000000000
1111111111111000000000000000000000000000
1111111111111100000000000000000000000000
1111111101111110000000000000000000000000
1111111000111111000000000000000000000000
1111110000011111100000000000000000000000
1111100000001111110000000000000000000000
1111000000000111111000000000000000000000
1111000000000011111100000000000000000000
1111000000000001111110000000000000000000
1111000000000000111111000000000000000000
1111000000000000011111100000000000000000
1111000000000000001111110000000000000000
1111000000000000000111111000000000000000
1111000000000000000011111100000000000000
1111000000000000000001111110000000000000
1111000000000000000000111111000000000000
1111000000000000000000011111100000000000
1111000000000000000000001111110000000000
1111000000000000000000000111111000000000
1111000000000000000000000011111100000000
1111000000000000000000000001111110000000
1111000000000000000000000000111111000000
1111000000000000000000000000011111100000
1111000000000000000000000000001111110000
1111000000000000000000000000000111111000
1111000000000000000000000000000011111100
1111000000000000000000000000000001111110
1111000000000000000000000000000000111111

1111000000000000000000000000000000000000
1111000000000000000000000000000000000000
1111000000000000000000000000000000000000
1111000000000000000000000000000000000000
1111000000000000000000000000000000000000
1111000000000000000000000000000000000000
1111000000000000000000000000000000000000
1111000000000000000000000000000000000000
1111000000000000000000000000000000000000
1111000000000000000000000000000000000000
1111000000000000000000000000000000000000
1111000000000000000000000000000000000000
1111000000000000000000000000000000000000
1111000000000000000000000000000000000000
1111000000000000000000000000000000000000
1111000000000000000000000000000000000000
1111000000000000000000000000000000000000
1111000000000000000000000000000000000000
1111000000000000000000000000000000000000
1111000000000000000000000000000000000000
1111000000000000000000000000000000000000
1111000000000000000000000000000000000000
1111000000000000000000000000000000000000
1111000000000000000000000000000000000000
1111000000000000000000000000000000000000
1111000000000000000000000000000000000000
1111000000000000000000000000000000000000
1111000000000000000000000000000000000000
1111000000000000000000000000000000000000
1111000000000000000000000000000000000000
1111000000000000000000000000000000000000
1111000000000000000000000000000000000000
1111000000000000000000000000000000000000
1111000000000000000000000000000000000000
1111000000000000000000000000000000000000
1111000000000000000000000000000000000000
1111000000000000000000000000000000000000
1111000000000000000000000000000000000000
1111000000000000000000000000000000000000
1111000000000000000000000000000000000000
1111000000000000000000000000000000000000
1111000000000000000000000000000000000000
1111000000000000000000000000000000000000
1111000000000000000000000000000000000000
1111000000000000000000000000000000000000
1111000000000000000000000000000000000000
1111000000000000000000000000000000000000
1111000000000000000000000000000000000000
1111000000000000000000000000000000000000
1111000000000000000000000000000000000000
1111000000000000000000000000000000000000
1111000000000000000000000000000000000000
1111111111111111111111111111111111111111
1111111111111111111111111111111111111111
1111111111111111111111111111111111111111
1111111111111111111111111111111111111111

1111000000000000000000000000000000001111
1111100000000000000000000000000000011111
1111100000000000000000000000000000011111
1111110000000000000000000000000000111111
1111110000000000000000000000000000111111
1111111000000000000000000000000001111111
1111111000000000000000000000000001111111
1111111100000000000000000000000011111111
1111111100000000000000000000000011111111
1111011110000000000000000000000111101111
1111011110000000000000000000000111101111
1111001111000000000000000000001111001111
1111001111000000000000000000001111001111
1111000111100000000000000000011110001111
1111000111100000000000000000011110001111
1111000011110000000000000000111100001111
1111000011110000000000000000111100001111
1111000001111000000000000001111000001111
1111000001111000000000000001111000001111
1111000000111100000000000011110000001111
1111000000111100000000000011110000001111
1111000000011110000000000111100000001111
1111000000011110000000000111100000001111
1111000000001111000000001111000000001111
1111000000001111000000001111000000001111
1111000000000111100000011110000000001111
1111000000000111100000011110000000001111
1111000000000011110000111100000000001111
1111000000000011110000111100000000001111
1111000000000001111001111000000000001111
1111000000000001111001111000000000001111
1111000000000000111111110000000000001111
1111000000000000111111110000000000001111
1111000000000000011111100000000000001111
1111000000000000011111100000000000001111
1111000000000000001111000000000000001111
1111000000000000001111000000000000001111
1111000000000000000110000000000000001111
1111000000000000000110000000000000001111
1111000000000000000000000000000000001111
1111000000000000000000000000000000001111
1111000000000000000000000000000000001111
1111000000000000000000000000000000001111
1111000000000000000000000000000000001111
1111000000000000000000000000000000001111
1111000000000000000000000000000000001111
1111000000000000000000000000000000001111
1111000000000000000000000000000000001111
1111000000000000000000000000000000001111
1111000000000000000000000000000000001111
1111000000000000000000000000000000001111
1111000000000000000000000000000000001111
1111000000000000000000000000000000001111
1111000000000000000000000000000000001111
1111000000000000000000000000000000001111
1111000000000000000000000000000000001111

1111111100000000000000000000000000001111
1111111110000000000000000000000000001111
1111111110000000000000000000000000001111
1111001111000000000000000000000000001111
1111001111000000000000000000000000001111
1111000111100000000000000000000000001111
1111000111100000000000000000000000001111
1111000011110000000000000000000000001111
1111000011110000000000000000000000001111
1111000001111000000000000000000000001111
1111000001111000000000000000000000001111
1111000000111100000000000000000000001111
1111000000111100000000000000000000001111
1111000000011110000000000000000000001111
1111000000011110000000000000000000001111
1111000000001111000000000000000000001111
1111000000001111000000000000000000001111
1111000000000111100000000000000000001111
1111000000000111100000000000000000001111
1111000000000011110000000000000000001111
1111000000000011110000000000000000001111
1111000000000001111000000000000000001111
1111000000000001111000000000000000001111
1111000000000000111100000000000000001111
1111000000000000111100000000000000001111
1111000000000000011110000000000000001111
1111000000000000011110000000000000001111
1111000000000000001111000000000000001111
1111000000000000001111000000000000001111
1111000000000000000111100000000000001111
1111000000000000000111100000000000001111
1111000000000000000011110000000000001111
1111000000000000000011110000000000001111
1111000000000000000001111000000000001111
1111000000000000000001111000000000001111
1111000000000000000000111100000000001111
1111000000000000000000111100000000001111
1111000000000000000000011110000000001111
1111000000000000000000011110000000001111
1111000000000000000000001111000000001111
1111000000000000000000001111000000001111
1111000000000000000000000111100000001111
1111000000000000000000000111100000001111
1111000000000000000000000011110000001111
1111000000000000000000000011110000001111
1111000000000000000000000001111000001111
1111000000000000000000000001111000001111
1111000000000000000000000000111100001111
1111000000000000000000000000111100001111
1111000000000000000000000000011110001111
1111000000000000000000000000011110001111
1111000000000000000000000000001111001111
1111000000000000000000000000001111001111
1111000000000000000000000000000111111111
1111000000000000000000000000000111111111
1111000000000000000000000000000011111111

0000000011111111111111111111111100000000
0000000111111111111111111111111110000000
0000001111111111111111111111111111000000
0000011111111111111111111111111111100000
0000111100000000000000000000000011110000
0001111000000000000000000000000001111000
0011110000000000000000000000000000111100
0111100000000000000000000000000000011110
1111000000000000000000000000000000001111
1111000000000000000000000000000000001111
1111000000000000000000000000000000001111
1111000000000000000000000000000000001111
1111000000000000000000000000000000001111
1111000000000000000000000000000000001111
1111000000000000000000000000000000001111
1111000000000000000000000000000000001111
1111000000000000000000000000000000001111
1111000000000000000000000000000000001111
1111000000000000000000000000000000001111
1111000000000000000000000000000000001111
1111000000000000000000000000000000001111
1111000000000000000000000000000000001111
1111000000000000000000000000000000001111
1111000000000000000000000000000000001111
1111000000000000000000000000000000001111
1111000000000000000000000000000000001111
1111000000000000000000000000000000001111
1111000000000000000000000000000000001111
1111000000000000000000000000000000001111
1111000000000000000000000000000000001111
1111000000000000000000000000000000001111
1111000000000000000000000000000000001111
1111000000000000000000000000000000001111
1111000000000000000000000000000000001111
1111000000000000000000000000000000001111
1111000000000000000000000000000000001111
1111000000000000000000000000000000001111
1111000000000000000000000000000000001111
1111000000000000000000000000000000001111
1111000000000000000000000000000000001111
1111000000000000000000000000000000001111
1111000000000000000000000000000000001111
1111000000000000000000000000000000001111
1111000000000000000000000000000000001111
1111000000000000000000000000000000001111
1111000000000000000000000000000000001111
1111000000000000000000000000000000001111
1111000000000000000000000000000000001111
0111100000000000000000000000000000011110
0011110000000000000000000000000000111100
0001111000000000000000000000000001111000
0000111100000000000000000000000011110000
0000011111111111111111111111111111100000
0000001111111111111111111111111111000000
0000000111111111111111111111111110000000
0000000011111111111111111111111100000000

1111011111111111111111111111111100000000
1111111111111111111111111111111110000000
1111111111111111111111111111111111000000
1111111111111111111111111111111111100000
1111100000000000000000000000000011110000
1111000000000000000000000000000001111000
1111000000000000000000000000000000111100
1111000000000000000000000000000000011110
1111000000000000000000000000000000001111
1111000000000000000000000000000000001111
1111000000000000000000000000000000001111
1111000000000000000000000000000000001111
1111000000000000000000000000000000001111
1111000000000000000000000000000000001111
1111000000000000000000000000000000001111
1111000000000000000000000000000000001111
1111000000000000000000000000000000001111
1111000000000000000000000000000000001111
1111000000000000000000000000000000001111
1111000000000000000000000000000000001111
1111000000000000000000000000000000001111
1111000000000000000000000000000000001111
1111000000000000000000000000000000001111
1111000000000000000000000000000000011110
1111000000000000000000000000000000111110
1111000000000000000000000000000001111000
1111100000000000000000000000000011110000
1111111111111111111111111111111111100000
1111111111111111111111111111111111000000
1111111111111111111111111111111110000000
1111011111111111111111111111111100000000
1111000000000000000000000000000000000000
1111000000000000000000000000000000000000
1111000000000000000000000000000000000000
1111000000000000000000000000000000000000
1111000000000000000000000000000000000000
1111000000000000000000000000000000000000
1111000000000000000000000000000000000000
1111000000000000000000000000000000000000
1111000000000000000000000000000000000000
1111000000000000000000000000000000000000
1111000000000000000000000000000000000000
1111000000000000000000000000000000000000
1111000000000000000000000000000000000000
1111000000000000000000000000000000000000
1111000000000000000000000000000000000000
1111000000000000000000000000000000000000
1111000000000000000000000000000000000000
1111000000000000000000000000000000000000
1111000000000000000000000000000000000000
1111000000000000000000000000000000000000
1111000000000000000000000000000000000000
1111000000000000000000000000000000000000
1111000000000000000000000000000000000000
1111000000000000000000000000000000000000
1111000000000000000000000000000000000000

0000000000000000000000000000000000000000
0000000000000000000000000000000000000000
0000000000000000000000000000000000000000
0000000000000000000000000000000000000000
0000000000000000000000000000000000000000
0000000000000000000000000000000000000000
0000000000000000000000000000000000000000
0000000000000000000000000000000000000000
0000000000000000000000000000000000000000
0000000000000000000000000000000000000000
0000000000000000000000000000000000000000
0000000000000000000000000000000000000000
0000000000000000000000000000000000000000
0000000000000000000000000000000000000000
0000000000000000000000000000000000000000
0000000000000000000000000000000000000000
0000000000000000000000000000000000000000
0000000000000000000000000000000000000000
0000000000000000000000000000000000000000
0000000000000000000000000000000000000000
0000000000000000000000000000000000000000
0000000000000000000000000000000000000000
0000000000000000000000000000000000000000
0000000000000000000000000000000000000000
0000000000000000000000000000000000000000
0000000000000000000000000000000000000000
0000000000000000000000000000000000000000
0000000000000000000000000000000000000000
0000000000000000000000000000000000000000
0000000000000000000000000000000000000000
0000000000000000000000000000000000000000
0000000000000000000000000000000000000000
0000000000000000000000000000000000000000
0000000000000000000000000000000000000000
0000000000000000000000000000000000000000
0000000000000000000000000000000000000000
0000000000000000000000000000000000000000
0000000000000000000000000000000000000000
0000000000000000000000000000000000000000
0000000000000000000000000000000000000000
0000000000000000000000000000000000000000
0000000000000000000000000000000000000000
0000000000000000000000000000000000000000
0000000000000000000000000000000000000000
0000000000000000000000000000000000000000
0000000000000000000000000000000000000000
0000000000000000000000000000000000000000
0000000000000000000000000000000000000000
0000000000000000000000000000000000000000
0000000000000000000000000000000000000000
0000000000000000000000000000000000000000
0000000000000000000000000000000000000000
0000000000000000000000000000000000000000
0000000000000000000000000000000000000000
0000000000000000000000000000000000000000
0000000000000000000000000000000000000000

1111011111111111111111111111111100000000
1111111111111111111111111111111110000000
1111111111111111111111111111111111000000
1111111111111111111111111111111111100000
1111100000000000000000000000000011110000
1111000000000000000000000000000001111000
1111000000000000000000000000000000111100
1111000000000000000000000000000000011110
1111000000000000000000000000000000001111
1111000000000000000000000000000000001111
1111000000000000000000000000000000001111
1111000000000000000000000000000000001111
1111000000000000000000000000000000001111
1111000000000000000000000000000000001111
1111000000000000000000000000000000001111
1111000000000000000000000000000000001111
1111000000000000000000000000000000001111
1111000000000000000000000000000000001111
1111000000000000000000000000000000001111
1111000000000000000000000000000000001111
1111000000000000000000000000000000001111
1111000000000000000000000000000000001111
1111000000000000000000000000000000001111
1111000000000000000000000000000000011110
1111000000000000000000000000000000111100
1111000000000000000000000000000001111000
1111100000000000000000000000000011110000
1111111111111111111111111111111111100000
1111111111111111111111111111111111000000
1111111111111111111111111111111110000000
1111011111111111111111111111111100000000
1111000000001111110000000000000000000000
1111000000000111111000000000000000000000
1111000000000011111100000000000000000000
1111000000000001111110000000000000000000
1111000000000000111111000000000000000000
1111000000000000011111100000000000000000
1111000000000000001111110000000000000000
1111000000000000000111111000000000000000
1111000000000000000011111100000000000000
1111000000000000000001111110000000000000
1111000000000000000000111111000000000000
1111000000000000000000011111100000000000
1111000000000000000000001111110000000000
1111000000000000000000000111111000000000
1111000000000000000000000011111100000000
1111000000000000000000000001111110000000
1111000000000000000000000000111111000000
1111000000000000000000000000011111100000
1111000000000000000000000000001111110000
1111000000000000000000000000000111111000
1111000000000000000000000000000011111100
1111000000000000000000000000000001111111
1111000000000000000000000000000000111111
1111000000000000000000000000000000011111
1111000000000000000000000000000000001111

0000000011111111111111111111111100000000
0000000111111111111111111111111110000000
0000001111111111111111111111111111000000
0000011111111111111111111111111111100000
0000111100000000000000000000000011110000
0001111000000000000000000000000001111000
0011110000000000000000000000000000111100
0111100000000000000000000000000000011110
1111000000000000000000000000000000001111
1111000000000000000000000000000000001111
1111000000000000000000000000000000001111
1111000000000000000000000000000000001111
1111000000000000000000000000000000000000
1111000000000000000000000000000000000000
1111000000000000000000000000000000000000
1111000000000000000000000000000000000000
1111000000000000000000000000000000000000
1111000000000000000000000000000000000000
1111000000000000000000000000000000000000
1111000000000000000000000000000000000000
1111000000000000000000000000000000000000
1111000000000000000000000000000000000000
0111100000000000000000000000000000000000
0011110000000000000000000000000000000000
0001111000000000000000000000000000000000
0000111100000000000000000000000000000000
0000011111111111111111111111111100000000
0000000111111111111111111111111110000000
0000000011111111111111111111111111000000
0000000001111111111111111111111111100000
0000000000000000000000000000000011110000
0000000000000000000000000000000001111000
0000000000000000000000000000000000111100
0000000000000000000000000000000000011110
0000000000000000000000000000000000001111
0000000000000000000000000000000000001111
0000000000000000000000000000000000001111
0000000000000000000000000000000000001111
0000000000000000000000000000000000001111
0000000000000000000000000000000000001111
0000000000000000000000000000000000001111
0000000000000000000000000000000000001111
0000000000000000000000000000000000001111
0000000000000000000000000000000000001111
1111000000000000000000000000000000001111
1111000000000000000000000000000000001111
1111000000000000000000000000000000001111
1111000000000000000000000000000000001111
0111100000000000000000000000000000011110
0011110000000000000000000000000000111100
0001111000000000000000000000000001111000
0000111100000000000000000000000011110000
0000011111111111111111111111111111100000
0000001111111111111111111111111111000000
0000000111111111111111111111111110000000
0000000011111111111111111111111100000000

1111111111111111111111111111111111111111
1111111111111111111111111111111111111111
1111111111111111111111111111111111111111
1111111111111111111111111111111111111111
0000000000000000001111000000000000000000
0000000000000000001111000000000000000000
0000000000000000001111000000000000000000
0000000000000000001111000000000000000000
0000000000000000001111000000000000000000
0000000000000000001111000000000000000000
0000000000000000001111000000000000000000
0000000000000000001111000000000000000000
0000000000000000001111000000000000000000
0000000000000000001111000000000000000000
0000000000000000001111000000000000000000
0000000000000000001111000000000000000000
0000000000000000001111000000000000000000
0000000000000000001111000000000000000000
0000000000000000001111000000000000000000
0000000000000000001111000000000000000000
0000000000000000001111000000000000000000
0000000000000000001111000000000000000000
0000000000000000001111000000000000000000
0000000000000000001111000000000000000000
0000000000000000001111000000000000000000
0000000000000000001111000000000000000000
0000000000000000001111000000000000000000
0000000000000000001111000000000000000000
0000000000000000001111000000000000000000
0000000000000000001111000000000000000000
0000000000000000001111000000000000000000
0000000000000000001111000000000000000000
0000000000000000001111000000000000000000
0000000000000000001111000000000000000000
0000000000000000001111000000000000000000
0000000000000000001111000000000000000000
0000000000000000001111000000000000000000
0000000000000000001111000000000000000000
0000000000000000001111000000000000000000
0000000000000000001111000000000000000000
0000000000000000001111000000000000000000
0000000000000000001111000000000000000000
0000000000000000001111000000000000000000
0000000000000000001111000000000000000000
0000000000000000001111000000000000000000
0000000000000000001111000000000000000000
0000000000000000001111000000000000000000
0000000000000000001111000000000000000000
0000000000000000001111000000000000000000
0000000000000000001111000000000000000000
0000000000000000001111000000000000000000
0000000000000000001111000000000000000000
0000000000000000001111000000000000000000
0000000000000000001111000000000000000000
0000000000000000001111000000000000000000
0000000000000000001111000000000000000000

1111000000000000000000000000000000001111
1111000000000000000000000000000000001111
1111000000000000000000000000000000001111
1111000000000000000000000000000000001111
1111000000000000000000000000000000001111
1111000000000000000000000000000000001111
1111000000000000000000000000000000001111
1111000000000000000000000000000000001111
1111000000000000000000000000000000001111
1111000000000000000000000000000000001111
1111000000000000000000000000000000001111
1111000000000000000000000000000000001111
1111000000000000000000000000000000001111
1111000000000000000000000000000000001111
1111000000000000000000000000000000001111
1111000000000000000000000000000000001111
1111000000000000000000000000000000001111
1111000000000000000000000000000000001111
1111000000000000000000000000000000001111
1111000000000000000000000000000000001111
1111000000000000000000000000000000001111
1111000000000000000000000000000000001111
1111000000000000000000000000000000001111
1111000000000000000000000000000000001111
1111000000000000000000000000000000001111
1111000000000000000000000000000000001111
1111000000000000000000000000000000001111
1111000000000000000000000000000000001111
1111000000000000000000000000000000001111
1111000000000000000000000000000000001111
1111000000000000000000000000000000001111
1111000000000000000000000000000000001111
1111000000000000000000000000000000001111
1111000000000000000000000000000000001111
1111000000000000000000000000000000001111
1111000000000000000000000000000000001111
1111000000000000000000000000000000001111
1111000000000000000000000000000000001111
1111000000000000000000000000000000001111
1111000000000000000000000000000000001111
1111000000000000000000000000000000001111
1111000000000000000000000000000000001111
1111000000000000000000000000000000001111
1111000000000000000000000000000000001111
1111000000000000000000000000000000001111
1111000000000000000000000000000000001111
1111000000000000000000000000000000001111
1111000000000000000000000000000000001111
0111100000000000000000000000000000011110
0011110000000000000000000000000000111100
0001111000000000000000000000000001111000
0000111100000000000000000000000011110000
0000011111111111111111111111111111100000
0000001111111111111111111111111111000000
0000000111111111111111111111111110000000
0000000011111111111111111111111100000000

1111000000000000000000000000000000001111
1111000000000000000000000000000000001111
1111000000000000000000000000000000001111
0111100000000000000000000000000000011110
0111100000000000000000000000000000011110
0111100000000000000000000000000000011110
0011110000000000000000000000000000111100
0011110000000000000000000000000000111100
0011110000000000000000000000000000111100
0001111000000000000000000000000001111000
0001111000000000000000000000000001111000
0001111000000000000000000000000001111000
0000111100000000000000000000000011110000
0000111100000000000000000000000011110000
0000111100000000000000000000000011110000
0000011110000000000000000000000111100000
0000011110000000000000000000000111100000
0000011110000000000000000000000111100000
0000001111000000000000000000001111000000
0000001111000000000000000000001111000000
0000001111000000000000000000001111000000
0000000111100000000000000000011110000000
0000000111100000000000000000011110000000
0000000111100000000000000000011110000000
0000000011110000000000000000111100000000
0000000011110000000000000000111100000000
0000000011110000000000000000111100000000
0000000001111000000000000001111000000000
0000000001111000000000000001111000000000
0000000001111000000000000001111000000000
0000000000111100000000000011110000000000
0000000000111100000000000011110000000000
0000000000111100000000000011110000000000
0000000000011110000000000111100000000000
0000000000011110000000000111100000000000
0000000000011110000000000111100000000000
0000000000001111000000001111000000000000
0000000000001111000000001111000000000000
0000000000001111000000001111000000000000
0000000000000111100000011110000000000000
0000000000000111100000011110000000000000
0000000000000111100000011110000000000000
0000000000000011110000111100000000000000
0000000000000011110000111100000000000000
0000000000000011110000111100000000000000
0000000000000001111111111000000000000000
0000000000000001111111111000000000000000
0000000000000001111111111000000000000000
0000000000000000111111110000000000000000
0000000000000000111111110000000000000000
0000000000000000111111110000000000000000
0000000000000000011111100000000000000000
0000000000000000011111100000000000000000
0000000000000000011111100000000000000000
0000000000000000001111000000000000000000
0000000000000000001111000000000000000000

0000000000000000000000000000000000000000
0000000000000000000000000000000000000000
0000000000000000000000000000000000000000
0000000000000000000000000000000000000000
0000000000000000000000000000000000000000
0000000000000000000000000000000000000000
0000000000000000000000000000000000000000
0000000000000000000000000000000000000000
0000000000000000000000000000000000000000
0000000000000000000000000000000000000000
0000000000000000000000000000000000000000
0000000000000000000000000000000000000000
0000000000000000000000000000000000000000
0000000000000000000000000000000000000000
0000000000000000000000000000000000000000
0000000000000000000000000000000000000000
0000000000000000000000000000000000000000
0000000000000000000000000000000000000000
0000000000000000000000000000000000000000
0000000000000000000000000000000000000000
0000000000000000000000000000000000000000
0000000000000000000000000000000000000000
0000000000000000000000000000000000000000
0000000000000000000000000000000000000000
0000000000000000000000000000000000000000
0000000000000000000000000000000000000000
0000000000000000000000000000000000000000
0000000000000000000000000000000000000000
0000000000000000000000000000000000000000
0000000000000000000000000000000000000000
0000000000000000000000000000000000000000
0000000000000000000000000000000000000000
0000000000000000000000000000000000000000
0000000000000000000000000000000000000000
0000000000000000000000000000000000000000
0000000000000000000000000000000000000000
0000000000000000000000000000000000000000
0000000000000000000000000000000000000000
0000000000000000000000000000000000000000
0000000000000000000000000000000000000000
0000000000000000000000000000000000000000
0000000000000000000000000000000000000000
0000000000000000000000000000000000000000
0000000000000000000000000000000000000000
0000000000000000000000000000000000000000
0000000000000000000000000000000000000000
0000000000000000000000000000000000000000
0000000000000000000000000000000000000000
0000000000000000000000000000000000000000
0000000000000000000000000000000000000000
0000000000000000000000000000000000000000
0000000000000000000000000000000000000000
0000000000000000000000000000000000000000
0000000000000000000000000000000000000000
0000000000000000000000000000000000000000
0000000000000000000000000000000000000000

0000000000000000000000000000000000000000
0000000000000000000000000000000000000000
0000000000000000000000000000000000000000
0000000000000000000000000000000000000000
0000000000000000000000000000000000000000
0000000000000000000000000000000000000000
0000000000000000000000000000000000000000
0000000000000000000000000000000000000000
0000000000000000000000000000000000000000
0000000000000000000000000000000000000000
0000000000000000000000000000000000000000
0000000000000000000000000000000000000000
0000000000000000000000000000000000000000
0000000000000000000000000000000000000000
0000000000000000000000000000000000000000
0000000000000000000000000000000000000000
0000000000000000000000000000000000000000
0000000000000000000000000000000000000000
0000000000000000000000000000000000000000
0000000000000000000000000000000000000000
0000000000000000000000000000000000000000
0000000000000000000000000000000000000000
0000000000000000000000000000000000000000
0000000000000000000000000000000000000000
0000000000000000000000000000000000000000
0000000000000000000000000000000000000000
0000000000000000000000000000000000000000
0000000000000000000000000000000000000000
0000000000000000000000000000000000000000
0000000000000000000000000000000000000000
0000000000000000000000000000000000000000
0000000000000000000000000000000000000000
0000000000000000000000000000000000000000
0000000000000000000000000000000000000000
0000000000000000000000000000000000000000
0000000000000000000000000000000000000000
0000000000000000000000000000000000000000
0000000000000000000000000000000000000000
0000000000000000000000000000000000000000
0000000000000000000000000000000000000000
0000000000000000000000000000000000000000
0000000000000000000000000000000000000000
0000000000000000000000000000000000000000
0000000000000000000000000000000000000000
0000000000000000000000000000000000000000
0000000000000000000000000000000000000000
0000000000000000000000000000000000000000
0000000000000000000000000000000000000000
0000000000000000000000000000000000000000
0000000000000000000000000000000000000000
0000000000000000000000000000000000000000
0000000000000000000000000000000000000000
0000000000000000000000000000000000000000
0000000000000000000000000000000000000000
0000000000000000000000000000000000000000
0000000000000000000000000000000000000000

1111000000000000000000000000000000001111
0111100000000000000000000000000000011110
0111100000000000000000000000000000011110
0011110000000000000000000000000000111100
0011110000000000000000000000000000111100
0001111000000000000000000000000001111000
0001111000000000000000000000000001111000
0000111100000000000000000000000011110000
0000111100000000000000000000000011110000
0000011110000000000000000000000111100000
0000011110000000000000000000000111100000
0000001111000000000000000000001111000000
0000001111000000000000000000001111000000
0000000111100000000000000000011110000000
0000000111100000000000000000011110000000
0000000011110000000000000000111100000000
0000000011110000000000000000111100000000
0000000001111000000000000001111000000000
0000000001111000000000000001111000000000
0000000000111100000000000011110000000000
0000000000111100000000000011110000000000
0000000000011110000000000111100000000000
0000000000011110000000000111100000000000
0000000000001111000000001111000000000000
0000000000001111000000001111000000000000
0000000000000111100000011110000000000000
0000000000000111100000011110000000000000
0000000000000011110000111100000000000000
0000000000000011110000111100000000000000
0000000000000001111001111000000000000000
0000000000000001111001111000000000000000
0000000000000000111111110000000000000000
0000000000000000111111110000000000000000
0000000000000000011111100000000000000000
0000000000000000011111100000000000000000
0000000000000000001111000000000000000000
0000000000000000001111000000000000000000
0000000000000000001111000000000000000000
0000000000000000001111000000000000000000
0000000000000000001111000000000000000000
0000000000000000001111000000000000000000
0000000000000000001111000000000000000000
0000000000000000001111000000000000000000
0000000000000000001111000000000000000000
0000000000000000001111000000000000000000
0000000000000000001111000000000000000000
0000000000000000001111000000000000000000
0000000000000000001111000000000000000000
0000000000000000001111000000000000000000
0000000000000000001111000000000000000000
0000000000000000001111000000000000000000
0000000000000000001111000000000000000000
0000000000000000001111000000000000000000
0000000000000000001111000000000000000000
0000000000000000001111000000000000000000
0000000000000000001111000000000000000000

0000000000000000000000000000000000000000
0000000000000000000000000000000000000000
0000000000000000000000000000000000000000
0000000000000000000000000000000000000000
0000000000000000000000000000000000000000
0000000000000000000000000000000000000000
0000000000000000000000000000000000000000
0000000000000000000000000000000000000000
0000000000000000000000000000000000000000
0000000000000000000000000000000000000000
0000000000000000000000000000000000000000
0000000000000000000000000000000000000000
0000000000000000000000000000000000000000
0000000000000000000000000000000000000000
0000000000000000000000000000000000000000
0000000000000000000000000000000000000000
0000000000000000000000000000000000000000
0000000000000000000000000000000000000000
0000000000000000000000000000000000000000
0000000000000000000000000000000000000000
0000000000000000000000000000000000000000
0000000000000000000000000000000000000000
0000000000000000000000000000000000000000
0000000000000000000000000000000000000000
0000000000000000000000000000000000000000
0000000000000000000000000000000000000000
0000000000000000000000000000000000000000
0000000000000000000000000000000000000000
0000000000000000000000000000000000000000
0000000000000000000000000000000000000000
0000000000000000000000000000000000000000
0000000000000000000000000000000000000000
0000000000000000000000000000000000000000
0000000000000000000000000000000000000000
0000000000000000000000000000000000000000
0000000000000000000000000000000000000000
0000000000000000000000000000000000000000
0000000000000000000000000000000000000000
0000000000000000000000000000000000000000
0000000000000000000000000000000000000000
0000000000000000000000000000000000000000
0000000000000000000000000000000000000000
0000000000000000000000000000000000000000
0000000000000000000000000000000000000000
0000000000000000000000000000000000000000
0000000000000000000000000000000000000000
0000000000000000000000000000000000000000
0000000000000000000000000000000000000000
0000000000000000000000000000000000000000
0000000000000000000000000000000000000000
0000000000000000000000000000000000000000
0000000000000000000000000000000000000000
0000000000000000000000000000000000000000
0000000000000000000000000000000000000000
0000000000000000000000000000000000000000
0000000000000000000000000000000000000000
