51 30
8
45 15
57 15
66 24
66 36
57 45
45 45
36 36
36 24
4
48 30
48 24
45 24
39 30
4
54 30
54 24
57 24
63 30
12
46 24
43 24
43 27
44 27
44 29
42 29
42 30
47 30
47 29
45 29
45 27
46 27
12
56 24
56 27
57 27
57 29
55 29
55 30
60 30
60 29
58 29
58 27
59 27
59 24
3
0 27
36 27
36 33
3
102 27
66 27
66 33
3
33 18
42 18
39 21
3
72 18
60 18
63 21
3
48 15
51 0
54 15
3
24 30
24 21
27 24
3
24 30
33 30
30 33
3
24 30
24 39
21 36
3
24 30
15 30
18 27
3
78 30
78 21
75 24
3
78 30
69 30
72 33
3
78 30
78 39
81 36
3
78 30
87 30
84 27
3
39 45
36 36
42 36
3
51 51
48 42
54 42
3
63 45
60 36
66 36
4
60 42
66 42
66 51
60 51
4
48 48
54 48
54 57
48 57
4
36 42
42 42
42 51
36 51
