5

1
255 255 255
255 255 255
298.52031,484.97815 -0.42401,-0.1108 -0.55614,-0.47955 -0.55614,-1.55212 0,-1.40678 1.58898,0 1.58899  0,1.58898 0,1.5884 -0.00039,1.58897 -1.03284,1.55212 -0.56806,-0.0203 -1.28311,-0.10226 -1.58899,-0.1822

1
255 255 255
255 255 255
175.67732,396.97344 -1.801,-0.47065 -1.4062,-2.73983 0.4767,-2.73983 1.27118,0 1.58898,0.31779 1.58898,1.58898 0,1.6131 -0.0948,1.6659 -2.06568,1.15085

1
255 255 255
255 255 255
257.66885,323.24463 -1.80101,-0.47065 -1.4062,-2.73983 0.47669,-2.73983 1.27119,0 1.58898,0.31779 1.58898,1.58898 0,1.6131 -0.0948,1.6659 -2.06567,1.15085

1
255 255 255
255 255 255
255.28537,279.82683 0,-0.9322 0.42373,-1.27119 1.58898,-1.27119 1.16526,0 1.58899,0.33899 1.58899,1.27119 0,0.9322 -0.42373,1.27119 -1.58899,1.27119 -1.16525,0 -1.58898,-0.33899 -1.58898,-1.27119

1
255 255 255
255 255 255
386.85316,321.77598 0,-0.9322 0.42373,-1.27118 1.58899,-1.27118 1.16525,0 1.58898,0.33898 1.58898,1.27118 0,0.93221 -0.42373,1.27119 -1.58898,1.27119 -1.16526,0 -1.58899,-0.33898 -1.58899,-1.27119
